 PDE 2018  2 27 17 29 22.60 -60.2500  150.7800  10.0 0.0 6.1 None
event name:     C201802271729A
time shift:      7.4000
half duration:   2.5000
latitude:      -60.2300
longitude:     150.1800
depth:          12.0000
Mrr:      -1.100000e+23
Mtt:       8.280000e+24
Mpp:      -8.180000e+24
Mrt:      -2.600000e+24
Mrp:       4.500000e+23
Mtp:      -9.530000e+24
