 PDE 2018  2 27 17 29 22.60 -60.2500  150.7800  10.0 0.0 6.1 None
event name:     C201802271729A
time shift:      7.4012
half duration:   2.5000
latitude:      -60.2505
longitude:     150.5994
depth:          11.9185
Mrr:      -3.523361e+23
Mtt:       8.546920e+24
Mpp:      -8.194584e+24
Mrt:      -2.506037e+24
Mrp:       4.720733e+23
Mtp:      -9.559034e+24
